 BOXLX    = 30.9224837
 BOXLY    = 30.9224837
 BOXLZ    = 75
